preRotation0																																		
2900转速																																		
流量	100	115	130	145	160	175	190	205	220	235	250	265	280	295	310	325	340	355	370	385	400	415	430	445	460	475	490	505	520	535	550	565	580	595
效率	0.756473584	0.770610717	0.781319872	0.789458332	0.795594043	0.800109744	0.803154907	0.804946817	0.805664787	0.805381948	0.804138665	0.801949311	0.798806606	0.794591164	0.789308881	0.782958323	0.775456974	0.766703896	0.756577497	0.744932462	0.731595678	0.716360914	0.698981915	0.679163419	0.656549391	0.630707502	0.601108398	0.567097654	0.527857284	0.482351695	0.429251168	0.366819742	0.29274786	0.203894605
压比	1.120053441	1.119557857	1.11843557	1.11685179	1.114917217	1.112708027	1.110262533	1.107626257	1.104835913	1.101912727	1.098872565	1.095727574	1.092487162	1.089148163	1.085722854	1.082222647	1.078650686	1.075009497	1.071301112	1.067527162	1.063688952	1.05978752	1.055823684	1.05179808	1.047711188	1.043563368	1.03935487	1.035085861	1.030756147	1.026366368	1.021916215	1.017405659	1.012834646	1.008203119
3200转速																																		
流量	100	115	130	145	160	175	190	205	220	235	250	265	280	295	310	325	340	355	370	385	400	415	430	445	460	475	490	505	520	535	550	565	580	595
效率	0.74524366	0.760865813	0.772946103	0.782369582	0.789736316	0.795460866	0.799833617	0.803008397	0.805071874	0.806228291	0.806545441	0.8060662	0.804813687	0.802794763	0.800002346	0.796327509	0.791792075	0.786403762	0.780105491	0.772828327	0.764490304	0.754994823	0.744228551	0.732058731	0.718329766	0.702858899	0.685430719	0.665790163	0.643633521	0.618596776	0.590240332	0.558028762	0.521303606	0.479246255
压比	1.146426629	1.146526149	1.145825346	1.144531781	1.142786947	1.140689645	1.138310356	1.135691592	1.132862201	1.129868787	1.126733	1.123471544	1.120097448	1.116620984	1.113050319	1.109379836	1.105622583	1.101790108	1.097885392	1.093910878	1.08986857	1.08576011	1.081586842	1.07734986	1.073050049	1.068688119	1.06426463	1.059780018	1.055234611	1.050628648	1.04596229	1.041235638	1.03644874	1.0316013
4000转速																																		
流量	100	115	130	145	160	175	190	205	220	235	250	265	280	295	310	325	340	355	370	385	400	415	430	445	460	475	490	505	520	535	550	565	580	595
效率	0.71551018	0.734258603	0.749263013	0.761414653	0.771345911	0.779513658	0.78625299	0.791812814	0.796379933	0.800095639	0.803067339	0.805281752	0.806863286	0.807887106	0.808387013	0.808386837	0.807902154	0.806941557	0.805507579	0.803597358	0.801157614	0.798158639	0.79465666	0.790628694	0.786047434	0.780881024	0.77509273	0.768640515	0.761476501	0.753546301	0.744788213	0.735132241	0.724498915	0.712797863
压比	1.227226924	1.229666341	1.230747671	1.230800457	1.230058663	1.228691622	1.22682399	1.22454896	1.221937184	1.219042925	1.215908358	1.212541127	1.208985396	1.205270105	1.201412205	1.197425491	1.193321268	1.189108862	1.184796014	1.180389181	1.175883651	1.171280917	1.166601332	1.161847672	1.157022302	1.152127239	1.147164202	1.142134657	1.137039856	1.131880859	1.126658566	1.121373738	1.116027008	1.110618906
4800转速																																		
流量	100	115	130	145	160	175	190	205	220	235	250	265	280	295	310	325	340	355	370	385	400	415	430	445	460	475	490	505	520	535	550	565	580	595
效率	0.687067838	0.708019645	0.725178465	0.739386979	0.751262665	0.76126585	0.769744588	0.77696522	0.783133695	0.788410716	0.79292265	0.796769513	0.800030865	0.802770216	0.805030502	0.806765444	0.808099554	0.809058057	0.809660538	0.80992184	0.809852768	0.809460637	0.808749697	0.807721461	0.806374953	0.804692243	0.802601408	0.800184022	0.797429471	0.79432522	0.790856766	0.78700756	0.782758893	0.778089763
压比	1.322119263	1.327994901	1.331850278	1.334139335	1.335194884	1.335265158	1.334538007	1.333157412	1.331235012	1.328858295	1.3260965	1.323004926	1.319628124	1.316002269	1.312153851	1.308073504	1.303818614	1.299405993	1.29484974	1.29016174	1.285352065	1.280429284	1.275400723	1.270272667	1.265050528	1.259734161	1.254306428	1.248800567	1.243219178	1.237564536	1.231838628	1.226043197	1.22017977	1.214249685
5600转速																																		
流量	100	115	130	145	160	175	190	205	220	235	250	265	280	295	310	325	340	355	370	385	400	415	430	445	460	475	490	505	520	535	550	565	580	595
效率	0.660411115	0.682894879	0.701625841	0.717399301	0.730795267	0.742256237	0.752124562	0.760668165	0.768098789	0.774585213	0.780263003	0.785241785	0.789610739	0.793442796	0.79679786	0.799725312	0.80226597	0.804453624	0.806293823	0.807767885	0.808957376	0.809877767	0.810541581	0.810958809	0.811137235	0.811082708	0.810799355	0.810289757	0.809555091	0.808595242	0.807408885	0.805915563	0.804187635	0.80222823
压比	1.429916011	1.44029011	1.447904536	1.453342947	1.457035776	1.459311785	1.460425534	1.460576398	1.459922103	1.458588557	1.456677112	1.454269984	1.45143435	1.448225473	1.44468911	1.440863376	1.436780202	1.432466487	1.427932761	1.423176354	1.418248411	1.413163093	1.407932596	1.402567465	1.39707685	1.391468718	1.385750027	1.379926871	1.374004604	1.36798794	1.36188104	1.355652321	1.349340512	1.342951949
6400转速																																		
流量	100	115	130	145	160	175	190	205	220	235	250	265	280	295	310	325	340	355	370	385	400	415	430	445	460	475	490	505	520	535	550	565	580	595
效率	0.635716018	0.659186679	0.679031735	0.695974847	0.710550959	0.723174746	0.734172572	0.743804334	0.752279001	0.759765972	0.766403565	0.772305442	0.77756555	0.782261948	0.7864598	0.790213737	0.793569729	0.796566589	0.799237172	0.801609348	0.803706798	0.805549654	0.807131896	0.808439742	0.809535638	0.810429851	0.811130965	0.811646087	0.811981018	0.812140398	0.812127826	0.811945958	0.811596591	0.811080732
压比	1.549714571	1.565563142	1.577878827	1.587362067	1.594536474	1.59980895	1.603500288	1.605866264	1.607112734	1.607406738	1.606884809	1.605659304	1.603823255	1.60145415	1.598616883	1.595366089	1.591747992	1.587801884	1.583561318	1.579055066	1.574307903	1.569341247	1.564156953	1.558751536	1.553175827	1.547442166	1.541561399	1.535543079	1.52939565	1.523126589	1.516742537	1.510249404	1.503652462	1.496956422
7200转速																																		
流量	100	115	130	145	160	175	190	205	220	235	250	265	280	295	310	325	340	355	370	385	400	415	430	445	460	475	490	505	520	535	550	565	580	595
效率	0.612923931	0.636973058	0.657596342	0.675388677	0.690862343	0.704401306	0.716311341	0.72683913	0.736185705	0.744516252	0.751967465	0.758653158	0.764668616	0.770094011	0.774997104	0.77943541	0.783457926	0.787106546	0.7904172	0.793420788	0.796143956	0.798609726	0.800838026	0.802846129	0.80464902	0.8062597	0.807674482	0.808868038	0.809897914	0.810771332	0.81149448	0.812072626	0.812510219	0.812810965
压比	1.680788371	1.703002652	1.720923101	1.735305984	1.746783165	1.755835973	1.762848869	1.768132691	1.771941171	1.774483074	1.775931344	1.776430134	1.776100262	1.775043517	1.773346066	1.771081191	1.768311477	1.765090603	1.761464784	1.75747396	1.753152774	1.748531376	1.743636096	1.738489996	1.733113344	1.727523998	1.721723822	1.715694906	1.7094958	1.70313753	1.69662993	1.689981797	1.68320101	1.676294649
8000转速																																		
流量	100	115	130	145	160	175	190	205	220	235	250	265	280	295	310	325	340	355	370	385	400	415	430	445	460	475	490	505	520	535	550	565	580	595
效率	0.591921529	0.616292534	0.637395888	0.65578114	0.671918686	0.686162988	0.698798268	0.710055861	0.720126178	0.729167347	0.737311637	0.744670375	0.751337768	0.757393913	0.762907213	0.767936311	0.772531672	0.776736865	0.780589627	0.784122737	0.787364745	0.790340574	0.793072036	0.79557825	0.797876011	0.799980089	0.801903492	0.803657685	0.805252779	0.806697693	0.807999188	0.80910903	0.810088829	0.810943886
压比	1.822566122	1.852008591	1.876342363	1.896429597	1.912992509	1.926583823	1.937648686	1.946550629	1.953589658	1.959015414	1.96303706	1.965830881	1.967546223	1.968310217	1.968231548	1.967403516	1.965906519	1.963810088	1.961174568	1.958052502	1.954489787	1.950526636	1.946198388	1.941536181	1.936567534	1.931316822	1.9258057	1.920053444	1.914077261	1.907892538	1.901511785	1.894883586	1.888084519	1.881124609
8800转速																																		
流量	100	115	130	145	160	175	190	205	220	235	250	265	280	295	310	325	340	355	370	385	400	415	430	445	460	475	490	505	520	535	550	565	580	595
效率	0.572561325	0.597054667	0.618411037	0.637208979	0.653820118	0.668593855	0.681794024	0.693636444	0.704299956	0.713934232	0.722665525	0.730601028	0.737832248	0.744437682	0.750484949	0.756032521	0.761131141	0.765824986	0.77015263	0.774147851	0.777840304	0.78125609	0.78441823	0.787347073	0.790060643	0.79257493	0.794904147	0.797060938	0.799056575	0.800901111	0.802603521	0.804171823	0.805613186	0.806934015
压比	1.974580844	2.012047556	2.043534981	2.070111424	2.092499431	2.111351909	2.127172755	2.140375851	2.151305423	2.160250402	2.167455089	2.173127303	2.177444742	2.180560047	2.182604871	2.183693192	2.183924035	2.183383711	2.182147688	2.180282148	2.177845291	2.174888442	2.171456975	2.167591111	2.163326584	2.15869522	2.153725425	2.148442614	2.142869567	2.13702675	2.130932584	2.124603679	2.118055048	2.111300274
9600转速																																		
流量	100	115	130	145	160	175	190	205	220	235	250	265	280	295	310	325	340	355	370	385	400	415	430	445	460	475	490	505	520	535	550	565	580	595
效率	0.55468562	0.579162884	0.600644207	0.619675639	0.636607979	0.651765938	0.66539521	0.677697099	0.688839032	0.698961846	0.708185069	0.716610862	0.724327059	0.731409552	0.737924195	0.743928357	0.749472181	0.754599635	0.759349383	0.763755519	0.767848176	0.771654057	0.775196871	0.778497716	0.781575402	0.78444673	0.787126731	0.789628877	0.791965256	0.794146733	0.796183083	0.79808311	0.799854755	0.801505179
压比	2.136436128	2.182686726	2.222082684	2.2558303	2.284738841	2.309536428	2.330784518	2.348945774	2.364406822	2.377494162	2.388485779	2.397619906	2.405101815	2.411109201	2.415796507	2.419298459	2.421732966	2.42320354	2.423801312	2.423606729	2.422690989	2.42111726	2.418941717	2.416214429	2.412980119	2.409278821	2.405146443	2.400615257	2.395714322	2.390469852	2.384905539	2.37904283	2.372901175	2.366498243
10400转速																																		
流量	100	115	130	145	160	175	190	205	220	235	250	265	280	295	310	325	340	355	370	385	400	415	430	445	460	475	490	505	520	535	550	565	580	595
效率	0.53814036	0.562508414	0.584004804	0.603131601	0.620285373	0.635709484	0.649654527	0.662308887	0.673829394	0.684348328	0.693978391	0.702816371	0.710945934	0.718439784	0.725361393	0.731766389	0.737703699	0.743216487	0.748342944	0.753116947	0.757568621	0.761724817	0.765609512	0.769244167	0.772648023	0.775838362	0.778830733	0.781639149	0.784276255	0.786753481	0.78908117	0.791268694	0.793324554	0.79525647
压比	2.307781663	2.363552737	2.411552772	2.453099454	2.489229411	2.520618607	2.547930859	2.571677238	2.592285656	2.610118782	2.625486873	2.638657301	2.649861845	2.659302427	2.667155691	2.673576737	2.678702191	2.682652761	2.685535384	2.687445034	2.688466261	2.688674507	2.68813723	2.686914874	2.685061706	2.682626537	2.679653356	2.676181873	2.672248001	2.66788427	2.663120196	2.657982602	2.652495902	2.64668235
																																		
preRotation+1																																		
2900转速																																		
流量	100	115	130	145	160	175	190	205	220	235	250	265	280	295	310	325	340	355	370	385	400	415	430	445	460	475	490	505	520	535	550	565	580	595
效率	0.762054138	0.775318825	0.785309544	0.792837067	0.798438032	0.802473542	0.805077073	0.806445606	0.806600413	0.805730461	0.80394205	0.801237241	0.79759903	0.792993226	0.787369277	0.780660243	0.772782022	0.763631849	0.753086047	0.740996923	0.727188657	0.71145195	0.693537065	0.673144802	0.649914686	0.623409405	0.593094059	0.558308122	0.518227006	0.471808426	0.417716191	0.354209001	0.278975461	0.188879994
压比	1.125508432	1.124839402	1.12355096	1.121805625	1.119712337	1.117346094	1.114743722	1.111948947	1.108978795	1.105871525	1.102652581	1.099332535	1.09591961	1.092420261	1.088839594	1.08518167	1.081449734	1.077646379	1.073773683	1.069833301	1.065826546	1.061754451	1.057617814	1.053417243	1.049153183	1.044825946	1.040435734	1.035982657	1.031466453	1.026887712	1.022246059	1.017541382	1.012773567	1.007942484
3200转速																																		
流量	100	115	130	145	160	175	190	205	220	235	250	265	280	295	310	325	340	355	370	385	400	415	430	445	460	475	490	505	520	535	550	565	580	595
效率	0.751525888	0.76623193	0.777561934	0.786353447	0.793173972	0.798415257	0.802351368	0.805127166	0.80680548	0.807542093	0.807307454	0.806318659	0.804588136	0.802114252	0.798883043	0.794869249	0.790036777	0.78433872	0.777716959	0.770101373	0.761408661	0.751540722	0.740382536	0.727799461	0.713633795	0.697700435	0.679781367	0.659618648	0.636905406	0.611274178	0.582281671	0.549388576	0.511932503	0.469091138
压比	1.153251513	1.153152983	1.15226413	1.150789158	1.148867292	1.146595784	1.14404404	1.141254002	1.138250993	1.135075019	1.131732914	1.128271665	1.124702576	1.121034598	1.117274874	1.113429151	1.109502301	1.105497638	1.101418478	1.097267337	1.093046268	1.088756945	1.084400731	1.079978722	1.075491797	1.07094065	1.066325815	1.061647696	1.056906582	1.052102668	1.047236068	1.042306829	1.037314944	1.032260362
4000转速																																		
流量	100	115	130	145	160	175	190	205	220	235	250	265	280	295	310	325	340	355	370	385	400	415	430	445	460	475	490	505	520	535	550	565	580	595
效率	0.723515014	0.741237457	0.755400329	0.766848156	0.776179754	0.783827541	0.79010855	0.795258162	0.799452919	0.802826225	0.805479346	0.807395606	0.8086855	0.809359938	0.809426016	0.809021483	0.808156114	0.806833711	0.805052815	0.802807193	0.800086172	0.796874821	0.793154021	0.788900423	0.784086318	0.778679403	0.772642452	0.765932892	0.758502256	0.75029552	0.741250293	0.731295836	0.720351877	0.70832719
压比	1.238528166	1.240694675	1.241521279	1.241332514	1.240358702	1.238766525	1.236678708	1.234187019	1.231361056	1.228254295	1.224908313	1.221329701	1.217560197	1.213612508	1.209498112	1.205262017	1.200914018	1.196462228	1.1919134	1.187273189	1.182546344	1.177736876	1.172848178	1.167883129	1.162844173	1.157733393	1.152552557	1.14730317	1.141986508	1.13660365	1.131155503	1.125642828	1.120066255	1.1144263
4800转速																																		
流量	100	115	130	145	160	175	190	205	220	235	250	265	280	295	310	325	340	355	370	385	400	415	430	445	460	475	490	505	520	535	550	565	580	595
效率	0.696620841	0.716460827	0.732697045	0.746129415	0.757343356	0.766774967	0.774753825	0.781532051	0.787304545	0.792223346	0.796407968	0.799952953	0.802933458	0.805409416	0.807427837	0.808920537	0.810022159	0.810674756	0.810920129	0.810846251	0.810460414	0.809766951	0.808767566	0.807461579	0.805846121	0.803916255	0.801665072	0.799083735	0.796161493	0.792885659	0.789241565	0.785212481	0.780779506	0.775921427
压比	1.33915098	1.34466781	1.3481908	1.350167902	1.350927183	1.350713199	1.34971097	1.348062304	1.34587717	1.343241761	1.340224312	1.336879338	1.33325077	1.329374296	1.325278777	1.320945152	1.316437113	1.311739237	1.306876151	1.30188899	1.29678647	1.291576035	1.286264067	1.280856057	1.275356745	1.269770234	1.264100089	1.258349408	1.252520896	1.246616911	1.240639514	1.234590508	1.22847147	1.222283779
5600转速																																		
流量	100	115	130	145	160	175	190	205	220	235	250	265	280	295	310	325	340	355	370	385	400	415	430	445	460	475	490	505	520	535	550	565	580	595
效率	0.671363405	0.692676088	0.710421895	0.725357863	0.738034851	0.748872584	0.758195531	0.766257487	0.773258958	0.779359733	0.784688129	0.789347894	0.793423411	0.796983665	0.800085301	0.80277499	0.805091279	0.807066051	0.808710318	0.80998527	0.810982728	0.811625543	0.811985703	0.812116353	0.812022978	0.811709432	0.811178109	0.810430074	0.809465173	0.808282115	0.806878536	0.805251041	0.803395239	0.801305759
压比	1.453997329	1.463919739	1.471115832	1.476163121	1.479486814	1.481411304	1.48218759	1.482012181	1.481040513	1.479396662	1.477180515	1.474473113	1.471340689	1.467837742	1.46400941	1.459893304	1.455520943	1.450918887	1.446100911	1.44105256	1.435832755	1.430405537	1.424817473	1.41910299	1.413270002	1.407325422	1.401275302	1.395124958	1.388879069	1.382541766	1.376116703	1.369607117	1.363015883	1.356345556
6400转速																																		
流量	100	115	130	145	160	175	190	205	220	235	250	265	280	295	310	325	340	355	370	385	400	415	430	445	460	475	490	505	520	535	550	565	580	595
效率	0.64793272	0.670198161	0.689014577	0.705072922	0.718882464	0.730837226	0.741246917	0.750357957	0.758368362	0.765438592	0.771699627	0.777259087	0.782205908	0.786613981	0.79054498	0.794050604	0.797174349	0.799952926	0.802417399	0.804594109	0.806505419	0.808170326	0.809589663	0.810729215	0.811662242	0.812297816	0.812734365	0.812998673	0.813094949	0.813026429	0.812795468	0.812403623	0.811851715	0.811139878
压比	1.58222138	1.597523968	1.609330741	1.618337425	1.625062802	1.629909262	1.633193649	1.635168383	1.636036517	1.635962768	1.635081758	1.633504265	1.631322024	1.628611452	1.625436559	1.621851246	1.617901129	1.613624992	1.609055965	1.604222463	1.599148963	1.593856631	1.588352322	1.582616802	1.576711042	1.570574187	1.56428449	1.557865998	1.55132601	1.544671006	1.537906757	1.53103841	1.524070566	1.517007346
7200转速																																		
流量	100	115	130	145	160	175	190	205	220	235	250	265	280	295	310	325	340	355	370	385	400	415	430	445	460	475	490	505	520	535	550	565	580	595
效率	0.626284073	0.64911444	0.668681656	0.685555831	0.700226194	0.713058433	0.724343229	0.73431478	0.743163769	0.751046777	0.75809332	0.764411201	0.770090656	0.775207599	0.779826186	0.784000865	0.787778023	0.791197314	0.794292746	0.797093562	0.799624972	0.801908754	0.803963751	0.805806287	0.807450517	0.808908713	0.81018553	0.811233742	0.812122598	0.812750086	0.81323831	0.8135929	0.813817145	0.813913722
压比	1.72314692	1.744724956	1.76204498	1.775862729	1.786806227	1.795352861	1.801883231	1.806704652	1.810067752	1.812178618	1.81320791	1.813297841	1.812567596	1.811117582	1.809032806	1.806385566	1.803237624	1.799641956	1.795644183	1.791283745	1.786594853	1.781607295	1.776347087	1.770837024	1.765097144	1.759145107	1.752990733	1.746593946	1.740027006	1.733198676	1.726229961	1.719130012	1.71190564	1.704562974
8000转速																																		
流量	100	115	130	145	160	175	190	205	220	235	250	265	280	295	310	325	340	355	370	385	400	415	430	445	460	475	490	505	520	535	550	565	580	595
效率	0.606315824	0.629468741	0.64950368	0.66694978	0.68225777	0.695766201	0.707745879	0.718416819	0.727959878	0.736525101	0.744237913	0.751203824	0.757512086	0.763238568	0.768448048	0.77319606	0.777530385	0.781492276	0.785117463	0.788436979	0.791477851	0.794263676	0.796815095	0.799150208	0.801284903	0.803233154	0.805007263	0.806618067	0.808075118	0.809386839	0.810560648	0.811552045	0.812392459	0.813025189
压比	1.876245671	1.904970043	1.928616106	1.948049982	1.963992557	1.976993983	1.987496215	1.995859508	2.002380761	2.007306787	2.010844234	2.013167182	2.014423064	2.014737356	2.01421732	2.012955034	2.011029844	2.008510378	2.005456207	2.001919206	1.997944698	1.9935724	1.988837224	1.983769938	1.978397739	1.972744726	1.966832309	1.960679555	1.954303486	1.947719329	1.940940741	1.933918467	1.926695902	1.919210747
8800转速																																		
流量	100	115	130	145	160	175	190	205	220	235	250	265	280	295	310	325	340	355	370	385	400	415	430	445	460	475	490	505	520	535	550	565	580	595
效率	0.587891211	0.61117845	0.631466258	0.649313601	0.665078322	0.679095179	0.69161624	0.702847222	0.712958295	0.722091683	0.730367237	0.737886636	0.744736634	0.750991618	0.756715649	0.761964112	0.766785064	0.771220337	0.775306459	0.779075415	0.782555285	0.785770781	0.788743701	0.791493314	0.794036683	0.796388947	0.798563559	0.80057249	0.802426405	0.804134816	0.805706211	0.807148174	0.808467477	0.809670172
压比	2.041087046	2.077767899	2.108489175	2.134327482	2.156009323	2.17418715	2.189362729	2.201947394	2.212282617	2.220654616	2.227305146	2.232439695	2.236233872	2.23883846	2.240383475	2.240981459	2.24073018	2.239714851	2.238009984	2.235680925	2.232785148	2.229373341	2.225490324	2.221175834	2.21646518	2.211389816	2.205977826	2.200254334	2.194241872	2.187960684	2.181428994	2.174663244	2.167678289	2.160487583
9600转速																																		
流量	100	115	130	145	160	175	190	205	220	235	250	265	280	295	310	325	340	355	370	385	400	415	430	445	460	475	490	505	520	535	550	565	580	595
效率	0.570862599	0.594153912	0.614574163	0.632653161	0.648730266	0.66311764	0.676050756	0.687722004	0.698291041	0.707891938	0.716638327	0.724627229	0.731941992	0.738654586	0.744827438	0.750514908	0.7557645	0.760617859	0.765111605	0.769278022	0.773145648	0.776739767	0.780082831	0.783194819	0.786093541	0.788794908	0.791313155	0.793661035	0.795849997	0.797890328	0.799791282	0.801561193	0.803207577	0.804737211
压比	2.217305663	2.262720714	2.301283764	2.334216794	2.362338129	2.386377993	2.406897942	2.424359337	2.439146806	2.451584566	2.461948258	2.470473842	2.477364464	2.482795861	2.486920701	2.489872116	2.491766591	2.492706373	2.49278147	2.492071335	2.49064629	2.488568726	2.485894134	2.482671978	2.478946446	2.474757101	2.470139432	2.46512534	2.459743558	2.454020009	2.447978125	2.441639126	2.435022256	2.428145003
10000转速																																		
流量	100	115	130	145	160	175	190	205	220	235	250	265	280	295	310	325	340	355	370	385	400	415	430	445	460	475	490	505	520	535	550	565	580	595
效率	0.555085364	0.578293322	0.598742663	0.616922943	0.633218382	0.647864516	0.661102156	0.673111883	0.684043634	0.694023607	0.703159137	0.711542283	0.719252532	0.726358904	0.732921611	0.738993402	0.744620648	0.74984425	0.754700387	0.759221148	0.763435065	0.767367563	0.771041352	0.774476753	0.777691987	0.780703419	0.783525776	0.786172326	0.788655046	0.79098476	0.793171264	0.795223431	0.797149315	0.798956224
压比	2.404577651	2.459486792	2.506603625	2.547271578	2.582539689	2.613092618	2.639596077	2.66256162	2.682416346	2.699521406	2.714185191	2.726673071	2.737214828	2.746010457	2.753234794	2.759041264	2.763564964	2.766925211	2.769227688	2.770566238	2.771024403	2.770676717	2.76958983	2.767823462	2.765431233	2.762461381	2.758957378	2.754958475	2.750500175	2.745614642	2.740331063	2.734675969	2.728673509	2.722345702
																																		
preRotation-1																																		
2900转速																																		
流量	100	115	130	145	160	175	190	205	220	235	250	265	280	295	310	325	340	355	370	385	400	415	430	445	460	475	490	505	520	535	550	565	580	595
效率	0.740975768	0.755517645	0.766326565	0.77433089	0.780145017	0.784182158	0.786610575	0.787664323	0.787340339	0.785858875	0.783344051	0.7797983	0.775202474	0.769517993	0.76268779	0.754636293	0.745268537	0.734468469	0.722096381	0.70798537	0.691936654	0.673713438	0.65303296	0.62955613	0.602873964	0.572489662	0.537794661	0.498036207	0.452272827	0.399311703	0.337619942	0.265194372	0.179366904	0.076504211
压比	1.116627888	1.116250877	1.115203168	1.113662407	1.111747621	1.109540908	1.1070841	1.104426108	1.101581375	1.098592643	1.095487653	1.09227783	1.088972063	1.085577335	1.08209918	1.078542009	1.07490936	1.071204079	1.067428461	1.063584355	1.059673252	1.055696345	1.051654584	1.04754872	1.043379335	1.039146876	1.034851673	1.030493667	1.026073632	1.021591348	1.017046873	1.012440226	1.007771401	1.003040385
3200转速																																		
流量	100	115	130	145	160	175	190	205	220	235	250	265	280	295	310	325	340	355	370	385	400	415	430	445	460	475	490	505	520	535	550	565	580	595
效率	0.729424611	0.745670531	0.758064366	0.767564778	0.774821558	0.780283186	0.784263259	0.786929576	0.788384955	0.788774471	0.78806135	0.786499801	0.784103973	0.780872083	0.776788397	0.771824409	0.765939376	0.75908034	0.751181676	0.742164201	0.731933824	0.720379703	0.707371832	0.69275794	0.676359571	0.657967099	0.637333406	0.614165822	0.588115743	0.558765189	0.525609158	0.488032231	0.445277103	0.396401611
压比	1.142134387	1.142411622	1.141831624	1.140617498	1.138921377	1.136849477	1.134477548	1.131851677	1.129004539	1.125973999	1.122766983	1.119435639	1.115992185	1.11244629	1.1088059	1.105076772	1.101264176	1.097372213	1.093404237	1.089363	1.085250765	1.081069392	1.076820411	1.072505075	1.068124407	1.063679236	1.059170227	1.05459791	1.049962695	1.045264897	1.040504746	1.035682403	1.030797678	1.025851238
4000转速																																		
流量	100	115	130	145	160	175	190	205	220	235	250	265	280	295	310	325	340	355	370	385	400	415	430	445	460	475	490	505	520	535	550	565	580	595
效率	0.698387414	0.718190123	0.733929953	0.746570937	0.756797814	0.765105474	0.771856866	0.777321445	0.781701249	0.785148874	0.787780087	0.789586278	0.790700733	0.791117322	0.790843378	0.790040142	0.788718709	0.786883402	0.784532582	0.781659215	0.77825124	0.774291788	0.769759255	0.764627261	0.758864494	0.752434451	0.745295059	0.73739819	0.728689041	0.719105369	0.70857657	0.697022549	0.684352367	0.670462602
压比	1.219918692	1.222747744	1.224121358	1.224392958	1.223813768	1.222565731	1.220782828	1.218565226	1.215988856	1.213112016	1.209980005	1.206602748	1.203027368	1.199262655	1.1953209	1.191252071	1.187066745	1.182773681	1.178380171	1.173892322	1.169315267	1.164653346	1.159910233	1.155089056	1.150192478	1.145222773	1.140181886	1.135071478	1.129892971	1.124647578	1.119336333	1.113960114	1.108519886	1.103015811
4800转速																																		
流量	100	115	130	145	160	175	190	205	220	235	250	265	280	295	310	325	340	355	370	385	400	415	430	445	460	475	490	505	520	535	550	565	580	595
效率	0.668363445	0.690651353	0.708831395	0.723812239	0.736261134	0.746676169	0.755434229	0.762823822	0.76906804	0.774340911	0.778779209	0.782491098	0.785562518	0.788061967	0.790033576	0.791440663	0.792406129	0.792861148	0.792854229	0.792488269	0.791771525	0.790708901	0.789302319	0.787551006	0.785451704	0.782998821	0.780184534	0.776998838	0.773429564	0.769462356	0.765080617	0.760265413	0.754995353	0.74924643
压比	1.310635413	1.317187397	1.321576572	1.32428793	1.32567785	1.32601254	1.32549364	1.32427579	1.322478933	1.320197075	1.317504611	1.314460954	1.311113953	1.307502456	1.303654101	1.299564222	1.295289793	1.290813003	1.286160948	1.281379257	1.276477338	1.271463221	1.266343791	1.261124969	1.255811873	1.250408932	1.244919997	1.239348421	1.233697132	1.22796869	1.222165339	1.216289045	1.210341536	1.204324328
5600转速																																		
流量	100	115	130	145	160	175	190	205	220	235	250	265	280	295	310	325	340	355	370	385	400	415	430	445	460	475	490	505	520	535	550	565	580	595
效率	0.64007185	0.664075707	0.684024699	0.700772513	0.714943885	0.72701649	0.73736045	0.746265709	0.75396155	0.760630796	0.766420302	0.771448807	0.775812876	0.779591436	0.78284927	0.785639734	0.788006875	0.789987104	0.791585404	0.792791179	0.793683652	0.794171796	0.794339728	0.794249525	0.793907389	0.793317674	0.792483077	0.791404791	0.790082625	0.788515102	0.786699529	0.784632049	0.782307676	0.779720313
压比	1.412949455	1.424352526	1.432807082	1.438933807	1.443191789	1.445932515	1.447428593	1.447893781	1.447497319	1.44637438	1.444633806	1.442363907	1.439636844	1.436511977	1.433038451	1.429257193	1.425202488	1.420903204	1.416370205	1.411605912	1.406660327	1.401492815	1.396155021	1.390685063	1.385091478	1.379381715	1.373562297	1.367638954	1.36161673	1.355500078	1.349292938	1.342998805	1.336620782	1.330161633
6400转速																																		
流量	100	115	130	145	160	175	190	205	220	235	250	265	280	295	310	325	340	355	370	385	400	415	430	445	460	475	490	505	520	535	550	565	580	595
效率	0.613790383	0.638893415	0.660089213	0.678150556	0.693651217	0.707037369	0.718660959	0.728802715	0.737688609	0.745501976	0.752392586	0.758483553	0.76387665	0.768656431	0.772893473	0.776646923	0.779966532	0.782894276	0.785465661	0.787710781	0.78965517	0.791320511	0.792699235	0.793785168	0.794637934	0.795150565	0.795438247	0.795532182	0.795437123	0.795156721	0.794693631	0.7940496	0.793225538	0.792221582
压比	1.525838371	1.543120378	1.556638487	1.567132909	1.575159285	1.581150867	1.585450069	1.588330397	1.590012272	1.590674724	1.590464196	1.589501254	1.587885767	1.585700933	1.583016439	1.579890953	1.576374113	1.572508109	1.568328962	1.563867556	1.559150482	1.554200718	1.549019607	1.543609734	1.538019925	1.532181883	1.526182593	1.520048576	1.513787696	1.507406936	1.500912508	1.494309955	1.487604231	1.480799776
7200转速																																		
流量	100	115	130	145	160	175	190	205	220	235	250	265	280	295	310	325	340	355	370	385	400	415	430	445	460	475	490	505	520	535	550	565	580	595
效率	0.589502749	0.61524457	0.637305166	0.656315579	0.672822552	0.68723753	0.699889174	0.711043233	0.720916645	0.729687894	0.737504818	0.74449059	0.750748383	0.756365028	0.761413929	0.76595739	0.770048485	0.773732584	0.777048584	0.78002993	0.78270544	0.785100002	0.78723514	0.789129494	0.790799216	0.792258305	0.793500844	0.794509129	0.795337493	0.795866134	0.796237998	0.796459517	0.796534408	0.796465692
压比	1.648474645	1.672564991	1.692097417	1.707863243	1.720529546	1.730606265	1.73850207	1.744548206	1.749015584	1.75212743	1.754068881	1.754994378	1.755033453	1.754295287	1.75287234	1.75084326	1.748275233	1.745225883	1.741744824	1.737874937	1.733653408	1.7291126	1.72428077	1.719182667	1.713840034	1.708272027	1.702478961	1.696450642	1.690242512	1.683752551	1.677115315	1.670340723	1.663436106	1.656408061
8000转速																																		
流量	100	115	130	145	160	175	190	205	220	235	250	265	280	295	310	325	340	355	370	385	400	415	430	445	460	475	490	505	520	535	550	565	580	595
效率	0.567112823	0.593202307	0.615792305	0.63546161	0.652709569	0.667914211	0.681379821	0.693354793	0.704044051	0.71361807	0.722219646	0.72996909	0.736968291	0.743303934	0.749050078	0.754270233	0.759019062	0.763343764	0.767285218	0.770878928	0.77415581	0.777142849	0.77986365	0.782338898	0.784586748	0.786623163	0.788462187	0.790116187	0.791596061	0.79291141	0.794066216	0.795020155	0.79581341	0.796368554
压比	1.780204358	1.81199498	1.838383871	1.860265817	1.878398162	1.893363078	1.905631409	1.915588935	1.923554837	1.929795251	1.934533512	1.937958083	1.94022879	1.941481787	1.94183355	1.941384109	1.940219696	1.938414909	1.936034499	1.933134857	1.929765242	1.925968816	1.921783506	1.917242733	1.912376027	1.907209546	1.901766522	1.896067635	1.890131339	1.883974139	1.877605657	1.870984608	1.864162764	1.857057958
8800转速																																		
流量	100	115	130	145	160	175	190	205	220	235	250	265	280	295	310	325	340	355	370	385	400	415	430	445	460	475	490	505	520	535	550	565	580	595
效率	0.546476749	0.572688652	0.59555302	0.615676405	0.633450085	0.649244933	0.663342129	0.675972519	0.68732794	0.69756931	0.706832612	0.715233464	0.722870682	0.729829104	0.736181864	0.741992239	0.747315165	0.752198479	0.756683963	0.760808208	0.764603339	0.768097627	0.771316008	0.774280518	0.777010671	0.779523775	0.781835203	0.783958634	0.785906249	0.787688906	0.789316296	0.790797068	0.792138944	0.793348821
压比	1.920491865	1.960796324	1.994804683	2.023621228	2.047994111	2.068608234	2.0859936	2.100586759	2.112752654	2.12279819	2.130983408	2.137529884	2.142627341	2.146438927	2.149105486	2.15074904	2.151475664	2.15137786	2.150536538	2.149022671	2.14689869	2.144219657	2.141034257	2.137385647	2.133312174	2.128847986	2.124023567	2.118866183	2.113400277	2.107647803	2.101628519	2.095360244	2.088859074	2.082139575
9600转速																																		
流量	100	115	130	145	160	175	190	205	220	235	250	265	280	295	310	325	340	355	370	385	400	415	430	445	460	475	490	505	520	535	550	565	580	595
效率	0.527433462	0.553611342	0.576604147	0.596980801	0.615108143	0.631329031	0.645904018	0.65904749	0.67093837	0.681727585	0.691543516	0.700496091	0.708679964	0.716177016	0.723058371	0.729386035	0.73521424	0.740590562	0.745556857	0.750150039	0.754402747	0.758343904	0.761999193	0.76539147	0.768541109	0.771466307	0.774183343	0.776706801	0.779049767	0.781223996	0.783240062	0.785107484	0.786834842	0.788429872
压比	2.068882495	2.118469107	2.160870488	2.197323945	2.228661107	2.255639988	2.27884748	2.298769514	2.315813747	2.330325537	2.342599689	2.352889391	2.361413187	2.368360535	2.373896301	2.378164443	2.38129106	2.383386925	2.384549617	2.384865317	2.384410326	2.383252359	2.381451651	2.379061898	2.376131073	2.372702119	2.368813559	2.364500015	2.359792664	2.354719628	2.349306322	2.343575756	2.337548791	2.331244377
10000转速																																		
流量	100	115	130	145	160	175	190	205	220	235	250	265	280	295	310	325	340	355	370	385	400	415	430	445	460	475	490	505	520	535	550	565	580	595
效率	0.518458552	0.54457724	0.567585214	0.588013194	0.606287693	0.622669868	0.637434236	0.650787591	0.662902702	0.673925581	0.683980732	0.693175064	0.701600915	0.709338421	0.716457421	0.723019002	0.729076773	0.734677917	0.739864081	0.744672112	0.749134693	0.753280875	0.757136537	0.760724775	0.764066242	0.767179439	0.770080965	0.772785736	0.775307176	0.777657382	0.779847268	0.781886695	0.783784577	0.785548982
压比	2.145990311	2.200495487	2.247359475	2.287846127	2.322967262	2.353382878	2.379753488	2.402588919	2.422317565	2.439303226	2.453857357	2.466248313	2.476708527	2.485440213	2.492619964	2.498402524	2.502923913	2.506304027	2.508648829	2.510052207	2.510597539	2.510359046	2.509402934	2.507788387	2.505568417	2.502790601	2.499497722	2.495728318	2.491517168	2.486895714	2.481892426	2.476533128	2.470841282	2.464838235
																																		
preRotation+2																																		
2900转速																																		
流量	100	115	130	145	160	175	190	205	220	235	250	265	280	295	310	325	340	355	370	385	400	415	430	445	460	475	490	505	520	535	550	565	580	595
效率	0.698879734	0.713081818	0.722817029	0.729148624	0.732781773	0.73419006	0.733578552	0.731172166	0.727195537	0.721726538	0.714799345	0.706412721	0.696535192	0.685108001	0.67204639	0.657239519	0.640549199	0.621807479	0.600813026	0.577326166	0.551062328	0.521683505	0.488787205	0.451892116	0.410419411	0.363668153	0.310782575	0.250707995	0.182130533	0.103393271	0.012377415	-0.093669821	-0.218390701	-0.366707025
压比	1.125816213	1.125521973	1.124336033	1.122493283	1.120152158	1.117422247	1.114363153	1.111034176	1.107491106	1.10376408	1.099876467	1.095845992	1.091686378	1.087408347	1.083020339	1.078529038	1.073939761	1.069256741	1.064483356	1.059622291	1.054675669	1.049645156	1.04453204	1.039337295	1.034061641	1.028705277	1.023269133	1.017753072	1.012157145	1.006481305	1.000725426	0.994889327	0.988972782	0.982975543
3200转速																																		
流量	100	115	130	145	160	175	190	205	220	235	250	265	280	295	310	325	340	355	370	385	400	415	430	445	460	475	490	505	520	535	550	565	580	595
效率	0.687564869	0.704126732	0.7161264	0.724657935	0.730466127	0.734066033	0.735817499	0.735930362	0.734475169	0.731709328	0.72770899	0.722517419	0.716151365	0.70860532	0.699854264	0.689855286	0.678548323	0.665856168	0.651683833	0.635917288	0.618421585	0.599038279	0.577582076	0.553836549	0.527548704	0.498422134	0.466108338	0.430195691	0.390195318	0.345522848	0.295474599	0.239196145	0.175640274	0.103509935
压比	1.153249851	1.153855164	1.153323431	1.151947912	1.14993002	1.147411235	1.144492977	1.14124107	1.137691146	1.133912149	1.129935624	1.125785942	1.121482135	1.117039212	1.112469106	1.107781592	1.102983917	1.098082551	1.09308256	1.087988069	1.082802438	1.077528405	1.072168188	1.06672358	1.061196014	1.055586625	1.049896294	1.044125686	1.038275288	1.032345436	1.026336036	1.020247782	1.014080372	1.007833735
4000转速																																		
流量	100	115	130	145	160	175	190	205	220	235	250	265	280	295	310	325	340	355	370	385	400	415	430	445	460	475	490	505	520	535	550	565	580	595
效率	0.655353694	0.676654678	0.693236424	0.706184881	0.716276883	0.724077017	0.730001083	0.734358644	0.737382116	0.73924697	0.740085977	0.739908904	0.738820808	0.736931133	0.734278405	0.73088804	0.726774468	0.721942695	0.716389429	0.710103867	0.703068214	0.695257987	0.686642121	0.677182918	0.666835834	0.655549124	0.64326333	0.629910615	0.615413922	0.599685933	0.582627814	0.564127693	0.544058822	0.522277376
压比	1.236099983	1.240163429	1.242312239	1.24300363	1.242565383	1.241236607	1.239194481	1.236572187	1.233471168	1.229969642	1.226128606	1.221968533	1.217538217	1.212885347	1.208034694	1.203006443	1.197817159	1.192480517	1.187007877	1.181408718	1.175690988	1.169861377	1.163925536	1.157888248	1.151753575	1.145524967	1.13920536	1.13279725	1.126302757	1.11972368	1.11306154	1.10631783	1.099493171	1.092588692
4800转速																																		
流量	100	115	130	145	160	175	190	205	220	235	250	265	280	295	310	325	340	355	370	385	400	415	430	445	460	475	490	505	520	535	550	565	580	595
效率	0.622939285	0.647407524	0.667172307	0.683242386	0.696364872	0.707101456	0.715879689	0.723028479	0.72880318	0.733403606	0.736987143	0.739678402	0.741576397	0.742759948	0.743291762	0.743116604	0.742359637	0.741066016	0.739258433	0.736953364	0.734161951	0.730890673	0.72714187	0.722914146	0.718202661	0.712999347	0.707293049	0.701069604	0.694311866	0.686999681	0.679109814	0.670615827	0.661487918	0.651692707
压比	1.331284347	1.3403208	1.346539419	1.350557444	1.352832897	1.353710766	1.353454253	1.352266494	1.350305927	1.347697351	1.344539978	1.340913356	1.336881794	1.332497669	1.327803956	1.322789515	1.317523657	1.312037801	1.306352603	1.300485504	1.294451301	1.288262604	1.281930201	1.275463357	1.268870055	1.262157198	1.255330768	1.248395966	1.24135732	1.23421878	1.226983799	1.219655399	1.212236224	1.204728591
5600转速																																		
流量	100	115	130	145	160	175	190	205	220	235	250	265	280	295	310	325	340	355	370	385	400	415	430	445	460	475	490	505	520	535	550	565	580	595
效率	0.591869651	0.618445283	0.640433015	0.658769424	0.674144424	0.687089838	0.698020629	0.707263835	0.715079426	0.721675625	0.727220332	0.731849737	0.735674881	0.738786698	0.741259918	0.743156117	0.744526106	0.745411826	0.745847853	0.745762589	0.745275193	0.74440558	0.743168487	0.741575344	0.739634677	0.737352452	0.734732331	0.731775899	0.728482827	0.72485101	0.720876667	0.716554417	0.711877331	0.706836955
压比	1.436951982	1.452393621	1.464030781	1.47264298	1.478811113	1.482984111	1.485513009	1.486675035	1.48669108	1.48573858	1.483961143	1.481475832	1.478378708	1.474749105	1.470652937	1.466145281	1.461272411	1.456073407	1.450581433	1.444763395	1.438704056	1.432425024	1.425944213	1.419277136	1.412437274	1.40543638	1.39828473	1.390991339	1.383564132	1.376010096	1.368335405	1.360545525	1.352645305	1.344639055
6400转速																																		
流量	100	115	130	145	160	175	190	205	220	235	250	265	280	295	310	325	340	355	370	385	400	415	430	445	460	475	490	505	520	535	550	565	580	595
效率	0.562793017	0.590666127	0.614167756	0.634133701	0.651188935	0.665823763	0.678427935	0.68931444	0.698736734	0.706901538	0.713978525	0.720107749	0.72540541	0.729968358	0.733877653	0.737201383	0.739996922	0.742312741	0.74418987	0.745663091	0.746761902	0.747511316	0.747932511	0.747959981	0.747686584	0.747128335	0.746295474	0.745196317	0.743837473	0.742224022	0.740359665	0.738246846	0.735886853	0.733279909
压比	1.551694069	1.5748113	1.59312329	1.60754423	1.618766111	1.627334087	1.633682908	1.638162605	1.641057273	1.642599133	1.64297923	1.642355676	1.640860068	1.638602522	1.635675643	1.63215769	1.628115106	1.62360455	1.618674544	1.613366809	1.607717359	1.601757395	1.595514048	1.588943	1.582130028	1.575096235	1.567857581	1.560428156	1.552820423	1.545045442	1.537113044	1.529031992	1.520810113	1.512454411
7200转速																																		
流量	100	115	130	145	160	175	190	205	220	235	250	265	280	295	310	325	340	355	370	385	400	415	430	445	460	475	490	505	520	535	550	565	580	595
效率	0.535847564	0.564431759	0.588944255	0.610049476	0.628337927	0.644255988	0.658163154	0.670352234	0.681063818	0.690497015	0.698817616	0.706164412	0.712654159	0.718385505	0.723442134	0.727895295	0.731805858	0.735225978	0.738200468	0.740767921	0.742961641	0.744810415	0.746339156	0.747569439	0.74851995	0.749206869	0.749644186	0.749784197	0.749679707	0.749355393	0.748818721	0.748075967	0.747132335	0.745992061
压比	1.674372928	1.706284052	1.732445677	1.753804689	1.771183453	1.785213997	1.796407779	1.805182966	1.811884212	1.816797496	1.8201615	1.822176486	1.823011305	1.822808971	1.821691145	1.819761746	1.817109891	1.813812296	1.809935237	1.805536176	1.800665098	1.795365626	1.789675949	1.783629601	1.777256112	1.77058156	1.763629035	1.756356217	1.748827375	1.741075591	1.73311537	1.724959703	1.716620246	1.708107486
8000转速																																		
流量	100	115	130	145	160	175	190	205	220	235	250	265	280	295	310	325	340	355	370	385	400	415	430	445	460	475	490	505	520	535	550	565	580	595
效率	0.511001577	0.53993268	0.565030363	0.586896764	0.606064596	0.622938988	0.637848803	0.651064549	0.662810939	0.673276087	0.68261846	0.690972269	0.698451719	0.705154393	0.711163995	0.716552573	0.721382341	0.725707187	0.729573909	0.733023259	0.736090798	0.738807628	0.741201002	0.743294834	0.745110141	0.746665411	0.747976923	0.749059013	0.749924308	0.750583924	0.75104764	0.751291971	0.751320909	0.751175426
压比	1.804093872	1.84585665	1.880876097	1.910206492	1.934767261	1.955269251	1.972293298	1.986319709	1.997749194	2.006918391	2.014111736	2.019570763	2.023501482	2.026080325	2.027458963	2.027768254	2.027121482	2.025617037	2.023340646	2.020367226	2.016762437	2.012583993	2.007882758	2.002703677	1.99708657	1.991066798	1.984675842	1.977941791	1.970889765	1.963542276	1.95591954	1.947997344	1.939788599	1.931354072
8800转速																																		
流量	100	115	130	145	160	175	190	205	220	235	250	265	280	295	310	325	340	355	370	385	400	415	430	445	460	475	490	505	520	535	550	565	580	595
效率	0.48812839	0.517131422	0.542498174	0.564863515	0.584631778	0.60219864	0.617864552	0.631878096	0.644447326	0.655747903	0.665929161	0.675118772	0.683426408	0.690946672	0.697761473	0.703941965	0.709550149	0.714640208	0.719259617	0.723450075	0.727248291	0.730686655	0.733793799	0.736595082	0.739112997	0.741367533	0.743376469	0.745155643	0.746719172	0.748079652	0.749248329	0.750235241	0.751049352	0.751698661
压比	1.940125091	1.992678165	2.037444948	2.075733715	2.108418464	2.136329856	2.160112427	2.180302898	2.197353042	2.211646095	2.223509153	2.233222804	2.241028786	2.247136167	2.251726388	2.25495742	2.256967224	2.257876624	2.257791735	2.256805992	2.255001881	2.252452398	2.249222298	2.245369154	2.240944271	2.235993467	2.230557748	2.224673884	2.218374918	2.211690596	2.204647751	2.197270629	2.189581177	2.181599298
9600转速																																		
流量	100	115	130	145	160	175	190	205	220	235	250	265	280	295	310	325	340	355	370	385	400	415	430	445	460	475	490	505	520	535	550	565	580	595
效率	0.467062054	0.495950044	0.521406974	0.544023046	0.564173949	0.582221681	0.598441735	0.613062531	0.62627607	0.638245395	0.649110048	0.658990202	0.667989882	0.676199525	0.683698048	0.690554547	0.696829699	0.702576936	0.707843427	0.712670915	0.717096418	0.721152834	0.724869456	0.728272418	0.731385071	0.734228313	0.736820879	0.739179582	0.741319535	0.743254333	0.74499622	0.746556232	0.747944325	0.749169482
压比	2.081847313	2.14605914	2.201472481	2.249534842	2.29120506	2.327390567	2.358795488	2.386008535	2.409528075	2.429779843	2.44713006	2.461895483	2.474351321	2.484737611	2.493264414	2.500116121	2.505455043	2.509424425	2.512150999	2.513747152	2.514312773	2.513936835	2.512698756	2.510669568	2.507912928	2.504485995	2.500440186	2.495821839	2.490672788	2.485030866	2.478930344	2.472402319	2.465475051	2.458174262
10000转速																																		
流量	100	115	130	145	160	175	190	205	220	235	250	265	280	295	310	325	340	355	370	385	400	415	430	445	460	475	490	505	520	535	550	565	580	595
效率	0.457151627	0.485932678	0.511375863	0.534053586	0.554330069	0.572552797	0.588986222	0.603849573	0.617327311	0.629576374	0.640731412	0.650908723	0.660209296	0.668721218	0.676521621	0.683678269	0.690250875	0.696292203	0.701848989	0.706962732	0.711670353	0.716004774	0.719995401	0.723668553	0.727047818	0.73015438	0.733007282	0.735623676	0.738019023	0.740207282	0.742201064	0.744011781	0.745649761	0.747124364
压比	2.154670918	2.225021736	2.286059819	2.339308289	2.385772072	2.426397025	2.461916698	2.492944716	2.52000141	2.543532399	2.563922184	2.581504464	2.59657022	2.609374181	2.6201401	2.629065116	2.636323387	2.642069166	2.646439393	2.64955591	2.651527361	2.652450817	2.652413182	2.651492407	2.64975854	2.647274643	2.64409759	2.640278756	2.635864632	2.630897357	2.625415181	2.619452883	2.613042131	2.606211803
																																		
preRotation-2																																		
2900转速																																		
流量	100	115	130	145	160	175	190	205	220	235	250	265	280	295	310	325	340	355	370	385	400	415	430	445	460	475	490	505	520	535	550	565	580	595
效率	0.704580449	0.715863703	0.723231065	0.727574418	0.72948103	0.729341095	0.727294365	0.723536511	0.718246103	0.711472712	0.703226905	0.693486927	0.682202708	0.669297922	0.654670534	0.638192107	0.619705951	0.599024132	0.575923253	0.550138801	0.521357784	0.48920921	0.453251809	0.412958119	0.367693746	0.316690035	0.259007685	0.193487618	0.11868364	0.032768532	-0.066599479	-0.182470809	-0.31889382	-0.481358396
压比	1.122903649	1.122082385	1.120512879	1.118388228	1.115838637	1.112954203	1.109780893	1.106370063	1.10276817	1.099000472	1.095086104	1.09103975	1.086872793	1.082594145	1.078210832	1.073728426	1.069151367	1.064483196	1.059726745	1.054884268	1.049957552	1.044948005	1.039856719	1.034684527	1.029431753	1.024099441	1.018687576	1.013196329	1.007625775	1.001975912	0.996246678	0.990437967	0.984549648	0.978581586
3200转速																																		
流量	100	115	130	145	160	175	190	205	220	235	250	265	280	295	310	325	340	355	370	385	400	415	430	445	460	475	490	505	520	535	550	565	580	595
效率	0.695724807	0.709178928	0.718666469	0.725109293	0.72913173	0.731162715	0.731499119	0.730296503	0.727609611	0.723654978	0.718485792	0.712126189	0.704576457	0.695816435	0.685807612	0.674494222	0.661803554	0.647645585	0.631911994	0.614474563	0.595182942	0.573861682	0.550306451	0.524279221	0.495502223	0.46365032	0.42834138	0.389124014	0.345461879	0.296713368	0.242105066	0.180696634	0.111333737	0.03258399
压比	1.150259311	1.150132225	1.149055288	1.147269796	1.144941299	1.142186053	1.139087421	1.135697008	1.13204519	1.128190347	1.124158502	1.119969789	1.115639951	1.111181422	1.106604317	1.10191613	1.0971235	1.092231623	1.087244726	1.082166257	1.076999029	1.071745336	1.066407045	1.060985665	1.055482408	1.049898238	1.044233905	1.038489986	1.03266691	1.026764681	1.020784093	1.014724946	1.008587275	1.002371059
4000转速																																		
流量	100	115	130	145	160	175	190	205	220	235	250	265	280	295	310	325	340	355	370	385	400	415	430	445	460	475	490	505	520	535	550	565	580	595
效率	0.669705776	0.687446097	0.701124873	0.711665187	0.719724501	0.725778815	0.730177323	0.733178837	0.734976569	0.735715279	0.73550334	0.734324305	0.732284932	0.729470402	0.725907884	0.721612993	0.716591532	0.710840759	0.70435027	0.697102592	0.689073546	0.680232405	0.670541882	0.65995796	0.648429582	0.635898179	0.622297058	0.607550619	0.591573387	0.574268838	0.555527981	0.535227656	0.513228488	0.489372427
压比	1.233821696	1.236419533	1.237425937	1.237219059	1.236069156	1.234172998	1.231676223	1.228688248	1.225292402	1.221552953	1.217520044	1.213204592	1.208653568	1.20390544	1.198980627	1.193895789	1.18866461	1.183298402	1.177806571	1.172196974	1.166476208	1.160649832	1.154722547	1.148698338	1.142580592	1.136372191	1.13007559	1.12369288	1.117225839	1.11067598	1.10404479	1.097332917	1.0905415	1.083671295
4800转速																																		
流量	100	115	130	145	160	175	190	205	220	235	250	265	280	295	310	325	340	355	370	385	400	415	430	445	460	475	490	505	520	535	550	565	580	595
效率	0.64298513	0.663561204	0.680097215	0.693458212	0.704281359	0.71304367	0.72010697	0.725748727	0.730183684	0.733579305	0.736066975	0.737750209	0.738710751	0.739013137	0.738708154	0.737723539	0.736193655	0.734145754	0.731596086	0.728555441	0.725029872	0.721021244	0.716527653	0.711543741	0.706060921	0.700067521	0.693548879	0.686487364	0.678862363	0.670650211	0.661824074	0.652353794	0.642205679	0.631342251
压比	1.331464307	1.338045249	1.342282893	1.344692037	1.345652694	1.345450054	1.344301149	1.342373184	1.339796421	1.336673394	1.33308558	1.329098305	1.324764383	1.320126848	1.315221021	1.310028016	1.30461827	1.299014037	1.293232335	1.287287545	1.281191876	1.274955743	1.268588066	1.26209651	1.255487689	1.248767325	1.241940385	1.235011188	1.227983501	1.220860615	1.213645407	1.206340401	1.198947806	1.191469561
5600转速																																		
流量	100	115	130	145	160	175	190	205	220	235	250	265	280	295	310	325	340	355	370	385	400	415	430	445	460	475	490	505	520	535	550	565	580	595
效率	0.617117688	0.639588734	0.658112464	0.673499603	0.686343523	0.69709916	0.706119994	0.713683655	0.720010182	0.725275342	0.729620492	0.733159974	0.735986737	0.738176632	0.739791732	0.740882924	0.741491928	0.741652902	0.74138415	0.740628946	0.739491756	0.73798663	0.7361243	0.733912599	0.731356796	0.728459877	0.725222755	0.721644445	0.717722202	0.713451615	0.708826687	0.70383988	0.698482147	0.692742936
压比	1.441773525	1.453540853	1.462134455	1.468210507	1.472255228	1.474642332	1.475662865	1.475545991	1.474473898	1.472592687	1.47002047	1.466853438	1.463170488	1.459036754	1.454506348	1.449624486	1.444429167	1.438952489	1.433215964	1.427196037	1.420965281	1.414540776	1.407937269	1.401167538	1.394242698	1.387172443	1.379965258	1.37262859	1.365168995	1.357592254	1.349903482	1.342107211	1.334207466	1.326207828
6400转速																																		
流量	100	115	130	145	160	175	190	205	220	235	250	265	280	295	310	325	340	355	370	385	400	415	430	445	460	475	490	505	520	535	550	565	580	595
效率	0.592752433	0.616416126	0.636304235	0.653148502	0.667491646	0.679756526	0.690277501	0.699321949	0.707105642	0.713804055	0.719560844	0.724494307	0.728702368	0.732266459	0.735254564	0.737723637	0.739721522	0.741288492	0.742458496	0.743260161	0.743717615	0.743851159	0.743669687	0.743119139	0.742285816	0.741179185	0.73980682	0.738174618	0.736286972	0.734146923	0.731756278	0.729115714	0.726224854	0.723082339
压比	1.563681207	1.581722489	1.595733258	1.60649339	1.614588481	1.620476474	1.624520525	1.627011761	1.628185683	1.628234283	1.627315192	1.62555866	1.623072962	1.619948615	1.616261689	1.612076443	1.607447414	1.602421103	1.597037333	1.591330347	1.585329711	1.579061047	1.57254017	1.565733003	1.558716703	1.551506184	1.544114574	1.536553472	1.528833141	1.520962696	1.512950245	1.50480302	1.496527482	1.48812942
7200转速																																		
流量	100	115	130	145	160	175	190	205	220	235	250	265	280	295	310	325	340	355	370	385	400	415	430	445	460	475	490	505	520	535	550	565	580	595
效率	0.570057588	0.594410253	0.61522722	0.633100371	0.648547282	0.661956486	0.673638842	0.683846231	0.692784743	0.70062434	0.707506128	0.713547932	0.718848643	0.723491638	0.727547502	0.731076215	0.734128907	0.736749295	0.738974851	0.740837757	0.742365701	0.743582531	0.744508795	0.745162202	0.745558	0.745709294	0.745627318	0.745251252	0.744655135	0.743848861	0.742838036	0.741627223	0.74022005	0.738619293
压比	1.696329735	1.721622866	1.742057167	1.758459582	1.771532937	1.781813941	1.789733778	1.795642971	1.799829117	1.802529987	1.80394345	1.804235135	1.803544422	1.801989186	1.799669576	1.796671052	1.793066849	1.788919968	1.784284817	1.779208554	1.773732193	1.767891525	1.761717886	1.755238792	1.748478481	1.741458362	1.734197396	1.72664098	1.718872476	1.710908435	1.702760784	1.694440205	1.685956294	1.677317683
8000转速																																		
流量	100	115	130	145	160	175	190	205	220	235	250	265	280	295	310	325	340	355	370	385	400	415	430	445	460	475	490	505	520	535	550	565	580	595
效率	0.549037291	0.573767066	0.595148059	0.61372402	0.62996716	0.644233687	0.656810491	0.667932078	0.677792256	0.686552585	0.694348688	0.701295085	0.707488971	0.713013208	0.717938721	0.722326446	0.726228904	0.729691504	0.732753612	0.735449439	0.737808786	0.739857656	0.74161878	0.743112054	0.744354908	0.745362623	0.746148598	0.74672458	0.747100856	0.747286426	0.747289143	0.747071727	0.746662542	0.746087238
压比	1.839047145	1.872532269	1.900274481	1.92320972	1.942134933	1.957661273	1.970283684	1.980408534	1.988372893	1.994458611	1.998902918	2.001906623	2.003640556	2.004250699	2.003862319	2.002583334	2.000507049	1.997714421	1.994275929	1.990253122	1.985699915	1.98066368	1.975186154	1.969304209	1.96305051	1.956454063	1.949540692	1.942333441	1.934852922	1.92711761	1.919144103	1.910891038	1.902401808	1.893715103
8800转速																																		
流量	100	115	130	145	160	175	190	205	220	235	250	265	280	295	310	325	340	355	370	385	400	415	430	445	460	475	490	505	520	535	550	565	580	595
效率	0.529605549	0.554477254	0.576152038	0.595206167	0.612005554	0.626900976	0.640157057	0.651991128	0.662583989	0.672087526	0.680630321	0.688321916	0.695256123	0.701513651	0.707164217	0.712268259	0.71687834	0.721040314	0.724794291	0.728175442	0.731214684	0.733939245	0.736373159	0.73853767	0.740451588	0.742131592	0.743592483	0.74484741	0.745908064	0.746784838	0.747486976	0.748022693	0.74839929	0.748623244
压比	1.991284044	2.033817654	2.069666293	2.099996926	2.1255888	2.147163233	2.165275841	2.180385542	2.192875913	2.20307046	2.211243971	2.217631221	2.222433796	2.225825541	2.22795697	2.22895886	2.22894522	2.228015757	2.226257924	2.223748648	2.22055578	2.216739317	2.212352453	2.207442459	2.202051441	2.196216992	2.189972747	2.183348867	2.176372447	2.169067885	2.161457185	2.153560234	2.145395037	2.136977922
9600转速																																		
流量	100	115	130	145	160	175	190	205	220	235	250	265	280	295	310	325	340	355	370	385	400	415	430	445	460	475	490	505	520	535	550	565	580	595
效率	0.511637318	0.536490575	0.558306284	0.577626663	0.594795992	0.610138652	0.623899744	0.636280798	0.647450035	0.657549471	0.666700058	0.675005525	0.682555345	0.689427063	0.695688166	0.7013976	0.706607024	0.711361838	0.715702052	0.719663013	0.723276022	0.726568851	0.729566196	0.732290053	0.734760049	0.736993724	0.739006772	0.740813256	0.742425793	0.743855709	0.745113181	0.746207361	0.747146481	0.747937946
压比	2.152573606	2.204966505	2.249736727	2.28819574	2.321212927	2.349586599	2.373931887	2.394758051	2.412492654	2.427498432	2.440085609	2.450521194	2.459036215	2.46583146	2.471082112	2.474941546	2.477544469	2.479009534	2.479441541	2.478933294	2.477567173	2.475416475	2.472546568	2.469015867	2.464876691	2.460175988	2.454955972	2.44925467	2.443106405	2.436542207	2.429590182	2.422275828	2.414622315	2.406650735
10000转速																																		
流量	100	115	130	145	160	175	190	205	220	235	250	265	280	295	310	325	340	355	370	385	400	415	430	445	460	475	490	505	520	535	550	565	580	595
效率	0.503159359	0.527960775	0.549796609	0.569172472	0.586493944	0.602004284	0.615963254	0.628565191	0.639972405	0.650322129	0.659731485	0.668301182	0.676118333	0.683258673	0.689788325	0.695765234	0.701240346	0.706258585	0.710859673	0.715078817	0.718947294	0.722492948	0.725740618	0.728712498	0.731428458	0.733906312	0.736162054	0.738210065	0.74006329	0.741733395	0.743230902	0.74456531	0.745745201	0.746778331
压比	2.236482638	2.294099522	2.343610523	2.386355389	2.423404754	2.455444326	2.483170049	2.507115998	2.527731066	2.545396841	2.560440504	2.573144497	2.583753983	2.592482748	2.599517953	2.605024018	2.609145836	2.61201146	2.613734356	2.614415315	2.614144081	2.613000736	2.611056901	2.608376751	2.605017916	2.601032235	2.596466434	2.591362703	2.585759202	2.579690505	2.57318799	2.566280179	2.558993039	2.551350248