preRotation0
原始数据计算[喘震点]: 
转速:	2900	3200	4000	4800	5600	6400	7200	8000	8800	9600	10400	
喘震流量:	0	108.976	138.237	168.584	200.036	232.596	266.241	300.964	336.706	373.569	411.53	
喘震压比: 0	1.1466	1.23089	1.33534	1.46062	1.60742	1.77643	1.96838	2.18394	2.42382	2.68869	
喘震效率: 0	0.755074	0.756241	0.75719	0.757972	0.758626	0.759175	0.759648	0.760048	0.760427	0.760788	
tip:舍弃喘震流量为0的点


外推结果[喘震点]:
转速: 2500	2300	
喘震流量: 84.3453	77.4939	
喘震压比: 1.0887	1.07476	
喘震效率: 0.748037	0.748037	

外推结果[特性线]:
转速: 2500
流量: 77.3977	89.0074	100.617	112.227	123.836	135.446	147.056	158.665	170.275	181.885	193.494	205.104	216.714	228.323	239.933	251.543	263.152	274.762	286.372	297.981	309.591	321.201	332.81	344.42	356.03	367.639	379.249	390.859	402.468	414.078	425.688	437.297	448.907	460.517	
压比: 1.0886	1.08866	1.08824	1.08747	1.08643	1.08518	1.08376	1.0822	1.08051	1.07872	1.07684	1.07489	1.07287	1.07079	1.06864	1.06644	1.06418	1.06188	1.05953	1.05714	1.0547	1.05222	1.04971	1.04715	1.04455	1.04191	1.03923	1.03651	1.03375	1.03095	1.02811	1.02523	1.02232	1.01936	
效率: 0.738299	0.753775	0.765743	0.775079	0.782377	0.788048	0.79238	0.795525	0.797569	0.798715	0.799029	0.798555	0.797314	0.795314	0.792547	0.788907	0.784413	0.779075	0.772836	0.765626	0.757366	0.747959	0.737293	0.725237	0.711636	0.696309	0.679043	0.659586	0.637636	0.612832	0.58474	0.552829	0.516446	0.47478	
转速: 2300
流量: 71.1106	81.7772	92.4438	103.11	113.777	124.444	135.11	145.777	156.443	167.11	177.777	188.443	199.11	209.776	220.443	231.11	241.776	252.443	263.109	273.776	284.443	295.109	305.776	316.442	327.109	337.776	348.442	359.109	369.775	380.442	391.109	401.775	412.442	423.108	
压比: 1.07468	1.07473	1.07437	1.07373	1.07285	1.0718	1.07061	1.0693	1.06788	1.06637	1.0648	1.06316	1.06146	1.0597	1.0579	1.05605	1.05415	1.05221	1.05024	1.04822	1.04617	1.04409	1.04196	1.03981	1.03762	1.03539	1.03313	1.03084	1.02851	1.02615	1.02376	1.02133	1.01886	1.01637	
效率: 0.738299	0.753775	0.765743	0.775079	0.782377	0.788048	0.79238	0.795525	0.797569	0.798715	0.799029	0.798555	0.797314	0.795314	0.792547	0.788907	0.784413	0.779075	0.772836	0.765626	0.757366	0.747959	0.737293	0.725237	0.711636	0.696309	0.679043	0.659586	0.637636	0.612832	0.58474	0.552829	0.516446	0.47478	


preRotation+1
原始数据计算[喘震点]: 
转速:	2900	3200	4000	4800	5600	6400	7200	8000	8800	9600	10000	
喘震流量:	0	105.728	134.208	163.74	194.372	226.12	258.986	292.915	327.883	363.793	400.783	
喘震压比: 0	1.15332	1.24156	1.35096	1.48223	1.63611	1.81337	2.01475	2.241	2.49285	2.77103	
喘震效率: 0	0.757606	0.758855	0.759846	0.760664	0.761357	0.761959	0.762475	0.762923	0.763294	0.763647	
tip:舍弃喘震流量为0的点


外推结果[喘震点]:
转速: 2500	2300	
喘震流量: 59.0372	36.6065	
喘震压比: 1.05053	1.02227	
喘震效率: 0.747773	0.747773	

外推结果[特性线]:
转速: 2500
流量: 55.8387	64.2145	72.5903	80.9661	89.3419	97.7177	106.094	114.469	122.845	131.221	139.597	147.973	156.348	164.724	173.1	181.476	189.852	198.227	206.603	214.979	223.355	231.731	240.106	248.482	256.858	265.234	273.61	281.985	290.361	298.737	307.113	315.489	323.865	332.24	
压比: 1.05051	1.05048	1.05019	1.04972	1.0491	1.04837	1.04755	1.04665	1.04569	1.04466	1.04358	1.04246	1.04131	1.04012	1.0389	1.03765	1.03637	1.03507	1.03374	1.03238	1.031	1.02959	1.02816	1.02671	1.02523	1.02373	1.02221	1.02066	1.01909	1.01749	1.01587	1.01423	1.01256	1.01087	
效率: 0.741772	0.756288	0.767471	0.776148	0.78288	0.788053	0.791938	0.794678	0.796335	0.797062	0.79683	0.795854	0.794146	0.791704	0.788515	0.784553	0.779784	0.774159	0.767624	0.760107	0.751527	0.741787	0.730774	0.718354	0.704372	0.688646	0.670959	0.651058	0.62864	0.603341	0.574725	0.542259	0.505289	0.463003	
转速: 2300
流量: 34.6232	39.8167	45.0102	50.2037	55.3972	60.5907	65.7842	70.9776	76.1711	81.3646	86.5581	91.7516	96.9451	102.139	107.332	112.526	117.719	122.912	128.106	133.299	138.493	143.686	148.88	154.073	159.267	164.46	169.654	174.847	180.041	185.234	190.428	195.621	200.815	206.008	
压比: 1.02226	1.02224	1.02212	1.02191	1.02164	1.02132	1.02096	1.02057	1.02015	1.0197	1.01923	1.01874	1.01823	1.01771	1.01717	1.01663	1.01606	1.01549	1.01491	1.01431	1.0137	1.01309	1.01246	1.01182	1.01117	1.0105	1.00983	1.00915	1.00845	1.00775	1.00703	1.00631	1.00557	1.00482	
效率: 0.741772	0.756288	0.767471	0.776148	0.78288	0.788053	0.791938	0.794678	0.796335	0.797062	0.79683	0.795854	0.794146	0.791704	0.788515	0.784553	0.779784	0.774159	0.767624	0.760107	0.751527	0.741787	0.730774	0.718354	0.704372	0.688646	0.670959	0.651058	0.62864	0.603341	0.574725	0.542259	0.505289	0.463003	


preRotation-1
原始数据计算[喘震点]: 
转速:	2900	3200	4000	4800	5600	6400	7200	8000	8800	9600	10000	
喘震流量:	100.575	111.69	141.769	172.94	205.224	238.627	273.119	308.747	345.544	383.489	402.717	
喘震压比: 1.11663	1.14243	1.22441	1.32602	1.44789	1.5907	1.75512	1.94184	2.15153	2.38487	2.51061	
喘震效率: 0.741615	0.742456	0.744071	0.745351	0.746389	0.747249	0.747963	0.748591	0.749168	0.749703	0.749908	
tip:舍弃喘震流量为0的点


外推结果[喘震点]:
转速: 2500	2300	
喘震流量: 85.7344	78.253	
喘震压比: 1.08648	1.07332	
喘震效率: 0.715228	0.715228	

外推结果[特性线]:
转速: 2500
流量: 85.2445	98.0311	110.818	123.604	136.391	149.178	161.965	174.751	187.538	200.325	213.111	225.898	238.685	251.471	264.258	277.045	289.831	302.618	315.405	328.191	340.978	353.765	366.551	379.338	392.125	404.911	417.698	430.485	443.271	456.058	468.845	481.631	494.418	507.205	
压比: 1.08648	1.0862	1.08543	1.0843	1.08289	1.08126	1.07945	1.0775	1.0754	1.0732	1.07091	1.06854	1.0661	1.06359	1.06102	1.05839	1.05571	1.05297	1.05017	1.04732	1.04442	1.04148	1.03848	1.03543	1.03233	1.02919	1.02599	1.02275	1.01946	1.01612	1.01273	1.00929	1.00581	1.00227	
效率: 0.714612	0.728636	0.739061	0.74678	0.752387	0.756281	0.758623	0.759639	0.759327	0.757898	0.755473	0.752053	0.747621	0.742139	0.735551	0.727786	0.718752	0.708336	0.696404	0.682795	0.667318	0.649743	0.629798	0.607157	0.581424	0.552121	0.51866	0.480316	0.436181	0.385104	0.325607	0.255759	0.172985	0.0737822	
转速: 2300
流量: 77.8058	89.4767	101.148	112.818	124.489	136.16	147.831	159.502	171.173	182.844	194.515	206.185	217.856	229.527	241.198	252.869	264.54	276.211	287.881	299.552	311.223	322.894	334.565	346.236	357.907	369.578	381.248	392.919	404.59	416.261	427.932	439.603	451.274	462.945	
压比: 1.07331	1.07308	1.07243	1.07147	1.07028	1.06891	1.06738	1.06572	1.06395	1.06209	1.06015	1.05815	1.05608	1.05396	1.05179	1.04956	1.04729	1.04497	1.0426	1.04019	1.03773	1.03523	1.03269	1.0301	1.02747	1.0248	1.02209	1.01934	1.01654	1.01371	1.01083	1.0079	1.00494	1.00193	
效率: 0.714612	0.728636	0.739061	0.74678	0.752387	0.756281	0.758623	0.759639	0.759327	0.757898	0.755473	0.752053	0.747621	0.742139	0.735551	0.727786	0.718752	0.708336	0.696404	0.682795	0.667318	0.649743	0.629798	0.607157	0.581424	0.552121	0.51866	0.480316	0.436181	0.385104	0.325607	0.255759	0.172985	0.0737822	


preRotation+2
原始数据计算[喘震点]: 
转速:	2900	3200	4000	4800	5600	6400	7200	8000	8800	9600	10000	
喘震流量:	103.201	114.748	146.123	178.746	212.623	247.784	284.319	322.126	361.117	401.225	421.844	
喘震压比: 1.12584	1.15386	1.24301	1.35375	1.48682	1.64299	1.82305	2.02779	2.25796	2.51432	2.65255	
喘震效率: 0.702339	0.70389	0.707032	0.709465	0.711402	0.712996	0.714378	0.715565	0.716579	0.717441	0.717867	
tip:舍弃喘震流量为0的点


外推结果[喘震点]:
转速: 2500	2300	
喘震流量: 87.9041	80.2806	
喘震压比: 1.09307	1.07866	
喘震效率: 0.665509	0.665509	

外推结果[特性线]:
转速: 2500
流量: 85.1779	97.9545	110.731	123.508	136.285	149.061	161.838	174.615	187.391	200.168	212.945	225.721	238.498	251.275	264.051	276.828	289.605	302.381	315.158	327.935	340.711	353.488	366.265	379.041	391.818	404.595	417.372	430.148	442.925	455.702	468.478	481.255	494.032	506.808	
压比: 1.09305	1.09283	1.09197	1.09061	1.0889	1.08689	1.08465	1.0822	1.0796	1.07686	1.074	1.07103	1.06797	1.06482	1.06158	1.05827	1.05488	1.05142	1.0479	1.0443	1.04064	1.03691	1.03312	1.02927	1.02536	1.02138	1.01734	1.01323	1.00906	1.00483	1.00054	0.996184	0.991763	0.987278	
效率: 0.662231	0.675688	0.684913	0.690912	0.694355	0.695689	0.69511	0.69283	0.689062	0.683879	0.677315	0.669369	0.660009	0.649181	0.636804	0.622774	0.606959	0.5892	0.569307	0.547051	0.522165	0.494327	0.463155	0.428195	0.388897	0.344598	0.294485	0.237561	0.17258	0.0979714	0.0117283	-0.0887578	-0.206938	-0.347477	
转速: 2300
流量: 77.7908	89.4594	101.128	112.797	124.465	136.134	147.802	159.471	171.14	182.808	194.477	206.146	217.814	229.483	241.151	252.82	264.489	276.157	287.826	299.494	311.163	322.832	334.5	346.169	357.838	369.506	381.175	392.843	404.512	416.181	427.849	439.518	451.186	462.855	
压比: 1.07865	1.07846	1.07773	1.07659	1.07515	1.07346	1.07157	1.06951	1.06731	1.065	1.06259	1.06009	1.05751	1.05485	1.05212	1.04932	1.04646	1.04354	1.04056	1.03752	1.03443	1.03127	1.02807	1.02481	1.02149	1.01812	1.0147	1.01122	1.00769	1.0041	1.00046	0.996761	0.993007	0.989197	
效率: 0.662231	0.675688	0.684913	0.690912	0.694355	0.695689	0.69511	0.69283	0.689062	0.683879	0.677315	0.669369	0.660009	0.649181	0.636804	0.622774	0.606959	0.5892	0.569307	0.547051	0.522165	0.494327	0.463155	0.428195	0.388897	0.344598	0.294485	0.237561	0.17258	0.0979714	0.0117283	-0.0887578	-0.206938	-0.347477	


preRotation-2
原始数据计算[喘震点]: 
转速:	2900	3200	4000	4800	5600	6400	7200	8000	8800	9600	10000	
喘震流量:	0	105.613	134.471	164.489	195.701	228.116	261.702	296.416	332.226	369.093	388.051	
喘震压比: 0	1.15034	1.23748	1.3457	1.47574	1.62834	1.80426	2.00426	2.22907	2.47944	2.61443	
喘震效率: 0	0.70129	0.704559	0.7071	0.709152	0.710854	0.712286	0.713503	0.714549	0.715451	0.715893	
tip:舍弃喘震流量为0的点


外推结果[喘震点]:
转速: 2500	2300	
喘震流量: 81.1148	74.2013	
喘震压比: 1.09086	1.07671	
喘震效率: 0.676597	0.676597	

外推结果[特性线]:
转速: 2500
流量: 76.8041	88.3247	99.8454	111.366	122.887	134.407	145.928	157.448	168.969	180.49	192.01	203.531	215.052	226.572	238.093	249.613	261.134	272.655	284.175	295.696	307.217	318.737	330.258	341.778	353.299	364.82	376.34	387.861	399.381	410.902	422.423	433.943	445.464	456.985	
压比: 1.09081	1.09074	1.0901	1.08903	1.08765	1.08601	1.08416	1.08213	1.07995	1.07765	1.07524	1.07273	1.07014	1.06747	1.06472	1.06191	1.05903	1.05608	1.05308	1.05002	1.0469	1.04372	1.04049	1.03721	1.03387	1.03048	1.02704	1.02354	1.01999	1.01639	1.01274	1.00903	1.00527	1.00146	
效率: 0.671227	0.684207	0.693361	0.699577	0.703458	0.705417	0.705742	0.704581	0.701989	0.698174	0.693187	0.687051	0.679767	0.671315	0.661659	0.650744	0.6385	0.624841	0.609661	0.592838	0.574225	0.553655	0.530929	0.505818	0.478055	0.447324	0.413259	0.375422	0.333298	0.286266	0.23358	0.174334	0.107413	0.0314366	
转速: 2300
流量: 70.258	80.7967	91.3354	101.874	112.413	122.952	133.49	144.029	154.568	165.106	175.645	186.184	196.722	207.261	217.8	228.339	238.877	249.416	259.955	270.493	281.032	291.571	302.109	312.648	323.187	333.726	344.264	354.803	365.342	375.88	386.419	396.958	407.496	418.035	
压比: 1.07667	1.07661	1.07607	1.07517	1.07401	1.07262	1.07107	1.06937	1.06753	1.06559	1.06356	1.06145	1.05927	1.05702	1.0547	1.05233	1.0499	1.04742	1.04488	1.0423	1.03967	1.03699	1.03426	1.03149	1.02867	1.0258	1.02289	1.01993	1.01693	1.01388	1.01079	1.00765	1.00447	1.00123	
效率: 0.671227	0.684207	0.693361	0.699577	0.703458	0.705417	0.705742	0.704581	0.701989	0.698174	0.693187	0.687051	0.679767	0.671315	0.661659	0.650744	0.6385	0.624841	0.609661	0.592838	0.574225	0.553655	0.530929	0.505818	0.478055	0.447324	0.413259	0.375422	0.333298	0.286266	0.23358	0.174334	0.107413	0.0314366	


