原始数据计算[喘震点]: 
转速:	2900	3200	4000	4800	5600	6400	7200	8000	8800	9600	10400	
喘震流量:	0	108.976	138.237	168.584	200.036	232.596	266.241	300.964	336.706	373.569	411.53	
喘震压比: 0	1.1466	1.23089	1.33534	1.46062	1.60742	1.77643	1.96838	2.18394	2.42382	2.68869	
喘震效率: 0	0.755074	0.756241	0.75719	0.757972	0.758626	0.759175	0.759648	0.760048	0.760427	0.760788	
tip:舍弃喘震流量为0的点




外推结果[喘震点]:
转速: 2500	2300	
喘震流量: 84.3453	77.4939	
喘震压比: 1.0887	1.07476	
喘震效率: 0.748037	0.748037	


外推结果[特性线]:
转速: 2500
流量: 77.3977	89.0074	100.617	112.227	123.836	135.446	147.056	158.665	170.275	181.885	193.494	205.104	216.714	228.323	239.933	251.543	263.152	274.762	286.372	297.981	309.591	321.201	332.81	344.42	356.03	367.639	379.249	390.859	402.468	414.078	425.688	437.297	448.907	460.517	
压比: 1.0886	1.08866	1.08824	1.08747	1.08643	1.08518	1.08376	1.0822	1.08051	1.07872	1.07684	1.07489	1.07287	1.07079	1.06864	1.06644	1.06418	1.06188	1.05953	1.05714	1.0547	1.05222	1.04971	1.04715	1.04455	1.04191	1.03923	1.03651	1.03375	1.03095	1.02811	1.02523	1.02232	1.01936	
效率: 0.738299	0.753775	0.765743	0.775079	0.782377	0.788048	0.79238	0.795525	0.797569	0.798715	0.799029	0.798555	0.797314	0.795314	0.792547	0.788907	0.784413	0.779075	0.772836	0.765626	0.757366	0.747959	0.737293	0.725237	0.711636	0.696309	0.679043	0.659586	0.637636	0.612832	0.58474	0.552829	0.516446	0.47478	
转速: 2300
流量: 71.1106	81.7772	92.4438	103.11	113.777	124.444	135.11	145.777	156.443	167.11	177.777	188.443	199.11	209.776	220.443	231.11	241.776	252.443	263.109	273.776	284.443	295.109	305.776	316.442	327.109	337.776	348.442	359.109	369.775	380.442	391.109	401.775	412.442	423.108	
压比: 1.07468	1.07473	1.07437	1.07373	1.07285	1.0718	1.07061	1.0693	1.06788	1.06637	1.0648	1.06316	1.06146	1.0597	1.0579	1.05605	1.05415	1.05221	1.05024	1.04822	1.04617	1.04409	1.04196	1.03981	1.03762	1.03539	1.03313	1.03084	1.02851	1.02615	1.02376	1.02133	1.01886	1.01637	
效率: 0.738299	0.753775	0.765743	0.775079	0.782377	0.788048	0.79238	0.795525	0.797569	0.798715	0.799029	0.798555	0.797314	0.795314	0.792547	0.788907	0.784413	0.779075	0.772836	0.765626	0.757366	0.747959	0.737293	0.725237	0.711636	0.696309	0.679043	0.659586	0.637636	0.612832	0.58474	0.552829	0.516446	0.47478	
