preRotation0							
10400转速							
折合流量	0.000507859	0.000523916	0.000675906	0.000809655	0.000915685	0.000993708	0.001044607
效率	0.3666764	0.5469471	0.8467543	0.6288018	0.4122775	0.24123960 	0.209929
膨胀比	1.721572	1.731919	1.844236	1.974325	2.12325	2.292312	2.482256
流量	295.5337973	304.8777696	393.323859	471.1552231	532.8562034	578.2595443	607.8787038
9600转速							
折合流量	0.000491662	0.000523916	0.000675906	0.000809655	0.000915685	0.000993708	0.001044607
效率	0.5763184	0.722618	0.8497134	0.6010967	0.2864642	0.2241412	0.1961189
膨胀比	1.718193	1.737566	1.843532	1.966054	2.105842	2.263745	2.439988
流量	286.1086702	304.8777696	393.323859	471.1552231	532.8562034	578.2595443	607.8787038
8800转速							
折合流量	0.000433938	0.000442278	0.000523916	0.000601961	0.000675906	0.000809655	0.000915685
效率	0.3339196	0.4582325	0.794158	0.8409581	0.6124055	0.3871979	0.2627315
膨胀比	1.692563	1.696828	1.741272	1.789168	1.840726	1.955551	2.086142
流量	252.5174563	257.3712143	304.8777696	350.2935752	393.323859	471.1552231	532.8562034
8000转速							
折合流量	0.000391795	0.000408737	0.000442278	0.000523916	0.000601961	0.000675906	0.000809655
效率	0.2186204	0.5010152	0.7053306	0.8252196	0.8392881	0.5804858	0.3527992
膨胀比	1.678193	1.685872	1.701586	1.743034	1.787729	1.835817	1.942878
流量	227.993814	237.8529786	257.3712143	304.8777696	350.2935752	393.323859	471.1552231
7200转速							
折合流量	0.000374744	0.000391795	0.000442278	0.000523916	0.000675906	0.00074528	0.000809655
效率	0.542037	0.6584315	0.7893963	0.8316145	0.5395874	0.3357728	0.3174894
膨胀比	1.675828	1.682815	1.704451	1.742843	1.828856	1.876755	1.928078
流量	218.0713188	227.993814	257.3712143	304.8777696	393.323859	433.6944895	471.1552231
6400转速							
折合流量	0.000314275	0.000322984	0.000442278	0.000523916	0.000601961	0.000675906	0.00074528
效率	0.3257769	0.6067572	0.8179526	0.8220994	0.5263792	0.4920889	0.2950728
膨胀比	1.657577	1.660585	1.705423	1.740692	1.778803	1.819864	1.863971
流量	182.883517	187.9513347	257.3712143	304.8777696	350.2935752	393.323859	433.6944895
5600转速							
折合流量	0.00028802	0.000322984	0.000357588	0.000442278	0.000523916	0.000601961	0.000675906
效率	0.6675496	0.8383009	0.881873	0.8147457	0.8002498	0.4720979	0.2729335
膨胀比	1.653079	1.663817	1.674942	1.704493	1.736603	1.771371	1.808872
流量	167.6048389	187.9513347	208.0882632	257.3712143	304.8777696	350.2935752	393.323859
4800转速							
折合流量	0.000252733	0.000270414	0.000357588	0.000442278	0.000523916	0.000601961	0.000675906
效率	0.7166124	0.8112101	0.9013682	0.7910232	0.4493412	0.4118983	0.2306158
膨胀比	1.646415	1.650977	1.675155	1.701666	1.730587	1.761989	1.795922
流量	147.07079	157.3598489	208.0882632	257.3712143	304.8777696	350.2935752	393.323859
4000转速							
折合流量	0.000199284	0.000270414	0.000357588	0.000442278	0.000523916	0.000601961	0.000632058
效率	0.3785414	0.8815666	0.7803186	0.7493914	0.3791308	0.3477772	0.1965581
膨胀比	1.636853	1.652282	1.67351	1.696953	1.722669	1.750694	1.762559
流量	115.9674114	157.3598489	208.0882632	257.3712143	304.8777696	350.2935752	367.8078083
3200转速							
折合流量	0.000163361	0.000181348	0.000217163	0.000322984	0.000357588	0.000442278	0.000475331
效率	0.5555556	0.7894135	0.8730186	0.7443564	0.7271891	0.6875567	0.324041
膨胀比	1.632574	1.635567	1.641801	1.662463	1.670014	1.690375	1.699118
流量	95.06347588	105.5303641	126.3717023	187.9513347	208.0882632	257.3712143	276.6049779
2900转速							
折合流量	0.000145328	0.000163361	0.000181348	0.000270414	0.000357588	0.000425567	0.000442278
效率	0.3923382	0.7772957	0.8426816	0.8944126	0.6993339	0.6656244	0.3071024
膨胀比	1.630507	1.63321	1.635989	1.651094	1.66823	1.683425	1.687432
流量	84.56955742	95.06347588	105.5303641	157.3598489	208.0882632	247.6463513	257.3712143
							
preRotation-1							
10400转速							
折合流量	0.000491668	0.000523923	0.000675921	0.000809684	0.00091573	0.000993772	0.00104469
效率	0.3906666	0.6567709	0.8496178	0.615782	0.2983015	0.2327162	0.203067
膨胀比	1.715024	1.734985	1.844146	1.970477	2.114837	2.27832	2.461393
流量	286.1119231	304.8817325	393.332937	471.172157	532.8824248	578.2968047	607.9272942
9600转速							
折合流量	0.000491668	0.000523923	0.000675921	0.000809684	0.00091573	0.000993772	0.00104469
效率	0.5766969	0.7229562	0.8499519	0.6012034	0.2864857	0.2241533	0.1961274
膨胀比	1.718193	1.737566	1.843532	1.966054	2.105842	2.263745	2.439988
流量	286.1119231	304.8817325	393.332937	471.172157	532.8824248	578.2968047	607.9272942
8800转速							
折合流量	0.000442282	0.000491668	0.000523923	0.000675921	0.0008096838	0.0009157296	0.0009937717
效率	0.4585724	0.7373059	0.7944503	0.6125215	0.3872413	0.2627499	0.2069519
膨胀比	1.696828	1.723094	1.741272	1.840726	1.955551	2.086142	2.232904
流量	257.3735362	286.1119231	304.8817325	393.332937	471.172157	532.8824248	578.2968047
8000转速							
折合流量	0.0004087406	0.0004422825	0.0005239227	0.000675921	0.000809684	0.00091573	0.000993772
效率	0.5013545	0.7056544	0.825478	0.5805883	0.3528359	0.2390347	0.1641313
膨胀比	1.685872	1.701586	1.743034	1.835817	1.942878	2.064226	2.199906
流量	237.8547942	257.3735362	304.8817325	393.332937	471.172157	532.8824248	578.2968047
7200转速							
折合流量	0.00035759	0.000442282	0.000523923	0.000601971	0.000745302	0.000866827	0.000958095
效率	0.2940042	0.7896804	0.8318468	0.8282116	0.3358052	0.220874	0.1721638
膨胀比	1.66895	1.704451	1.742843	1.784261	1.876755	1.982613	2.100969
流量	208.0894677	257.3735362	304.8817325	350.2997727	433.7069193	504.4251408	557.5358821
6400转速							
折合流量	0.000322986	0.000340335	0.00035759	0.000523923	0.000675921	0.000809684	0.000866827
效率	0.607519	0.7679597	0.8253489	0.8223117	0.492162	0.201642	0.1958987
膨胀比	1.660585	1.666676	1.672872	1.740692	1.819864	1.911204	1.961314
流量	187.9522483	198.0484062	208.0894677	304.8817325	393.332937	471.172157	504.4251408
5600转速							
折合流量	0.000322986	0.00035759	0.000442282	0.000523923	0.000601971	0.000675921	0.000809684
效率	0.8387114	0.8822002	0.8149586	0.8004465	0.472167	0.2729565	0.1752409
膨胀比	1.663817	1.674942	1.704493	1.736603	1.771371	1.808872	1.892319
流量	187.9522483	208.0894677	257.3735362	304.8817325	350.2997727	393.332937	471.172157
4800转速							
折合流量	0.000270415	0.00035759	0.000442282	0.000523923	0.000601971	0.000675921	0.000718126
效率	0.8116333	0.9016446	0.7912155	0.4494044	0.4119546	0.2306336	0.2225775
膨胀比	1.650977	1.675155	1.701666	1.730587	1.761989	1.795922	1.817512
流量	157.3603552	208.0894677	257.3735362	304.8817325	350.2997727	393.332937	417.8930076
4000转速							
折合流量	0.000217163	0.000234982	0.000270415	0.00035759	0.000442282	0.000601971	0.00063207
效率	0.7571452	0.8296915	0.8818571	0.7805089	0.7495672	0.3478211	0.1965717
膨胀比	1.640583	1.644397	1.652282	1.67351	1.696953	1.750694	1.762559
流量	126.37197	136.7407987	157.3603552	208.0894677	257.3735362	350.2997727	367.8150241
3200转速							
折合流量	0.000181349	0.000270415	0.000322986	0.00035759	0.000408741	0.000442282	0.000491668
效率	0.7898654	0.8953226	0.7445305	0.7273564	0.7028017	0.6877221	0.3172464
膨胀比	1.635567	1.65176	1.662463	1.670014	1.681977	1.690375	1.703617
流量	105.5305329	157.3603552	187.9522483	208.0894677	237.8547942	257.3735362	286.1119231
2900转速							
折合流量	0.000145328	0.000234982	0.000270415	0.000322986	0.00035759	0.000408741	0.000442282
效率	0.3930304	0.8896956	0.894654	0.7183414	0.6994933	0.6736971	0.3071361
膨胀比	1.630507	1.644811	1.651094	1.66113	1.66823	1.679502	1.687432
流量	84.56964471	136.7407987	157.3603552	187.9522483	208.0894677	237.8547942	257.3735362
							
preRotation1							
10400转速							
折合流量	0.000491656	0.000523909	0.000675889	0.000809625	0.000866752	0.000915638	0.000993641
效率	0.3899868	0.6560221	0.8491117	0.615555	0.4152841	0.2982544	0.2326898
膨胀比	1.715024	1.734985	1.844146	1.970477	2.040412	2.114837	2.27832
流量	286.1053183	304.8735391	393.3143388	471.1379808	504.3814501	532.8288706	578.2209338
9600转速							
折合流量	0.000491656	0.000507853	0.000523909	0.000675889	0.000809625	0.000866752	0.000915638
效率	0.5759491	0.6662121	0.7222593	0.8494641	0.6009878	0.4000917	0.2864417
膨胀比	1.718193	1.727808	1.737566	1.843532	1.966054	2.033816	2.105842
流量	286.1053183	295.5301428	304.8735391	393.3143388	471.1379808	504.3814501	532.8288706
8800转速							
折合流量	0.000442274	0.000491656	0.0005239	0.0006019	0.0006759	0.0008096	0.0009156
效率	0.4578531	0.736656	0.7938421	0.8407019	0.6122814	0.3871539	0.2627123
膨胀比	1.696828	1.723094	1.741272	1.789168	1.840726	1.955551	2.086142
流量	257.3685899	286.1053183	304.8735391	350.2871043	393.3143388	471.1379808	532.8288706
8000转速							
折合流量	0.0003918	0.0004087	0.0004423	0.0005239	0.0006759	0.0008096	0.0009156
效率	0.2183999	0.5006647	0.7049596	0.8249403	0.5803796	0.3527623	0.2390025
膨胀比	1.678193	1.685872	1.701586	1.743034	1.835817	1.942878	2.064226
流量	227.992138	237.851099	257.3685899	304.8735391	393.3143388	471.1379808	532.8288706
7200转速							
折合流量	0.0003576	0.0003918	0.000442274	0.000523909	0.000675889	0.000809625	0.000866752
效率	0.2934833	0.658088	0.7890882	0.8313634	0.5394961	0.3174584	0.2208452
膨胀比	1.66895	1.682815	1.704451	1.742843	1.828856	1.928078	1.982613
流量	208.0869771	227.992138	257.3685899	304.8735391	393.3143388	471.1379808	504.3814501
6400转速							
折合流量	0.000314274	0.000322983	0.000442274	0.000523909	0.000601949	0.000675889	0.000809625
效率	0.3250318	0.6059974	0.8176773	0.8218743	0.5262924	0.4920114	0.2016171
膨胀比	1.657577	1.660585	1.705423	1.740692	1.778803	1.819864	1.911204
流量	182.8826383	187.9504734	257.3685899	304.8735391	350.2871043	393.3143388	471.1379808
5600转速							
折合流量	0.000288019	0.000305543	0.000374741	0.000442274	0.000539821	0.000601949	0.000745258
效率	0.6667858	0.7902153	0.8926367	0.8144953	0.7961768	0.4720257	0.2563131
膨胀比	1.653079	1.6584	1.680652	1.704493	1.743342	1.771371	1.849177
流量	167.604129	177.8021871	218.0698815	257.3685899	314.1333016	350.2871043	433.68121
4800转速							
折合流量	0.000252732	0.000357586	0.000408734	0.000442274	0.000491656	0.000601949	0.000675889
效率	0.7159616	0.9010669	0.7989886	0.7908084	0.7762906	0.411842	0.2305973
膨胀比	1.646415	1.675155	1.690775	1.701666	1.718724	1.761989	1.795922
流量	147.0703361	208.0869771	237.851099	257.3685899	286.1053183	350.2871043	393.3143388
4000转速							
折合流量	0.000199283	0.000217162	0.000357586	0.000408734	0.000442274	0.000491656	0.000601949
效率	0.3779466	0.7561401	0.7801112	0.7620015	0.749195	0.3948464	0.3477333
膨胀比	1.636853	1.640583	1.67351	1.687307	1.696953	1.712107	1.750694
流量	115.9672252	126.3714405	208.0869771	237.851099	257.3685899	286.1053183	350.2871043
3200转速							
折合流量	0.000181348	0.000217162	0.000270413	0.000340332	0.000408734	0.000442274	0.000491656
效率	0.7889619	0.8727219	0.8947877	0.7355731	0.7024702	0.6873772	0.3171724
膨胀比	1.635567	1.641801	1.65176	1.666196	1.681977	1.690375	1.703617
流量	105.5301953	126.3714405	157.3592728	198.0463404	237.851099	257.3685899	286.1053183
2900转速							
折合流量	0.000145328	0.000181348	0.000288019	0.000357586	0.000391792	0.000425563	0.000442274
效率	0.391993	0.8423269	0.8950891	0.69916	0.6816249	0.6654614	0.3070657
膨胀比	1.630507	1.635989	1.654358	1.66823	1.675661	1.683425	1.687432
流量	84.56951669	105.5301953	167.604129	208.0869771	227.992138	247.6442156	257.3685899
